111111112002002002002002011111111111111111111111111111111111111111111111112002002002011111111111111111111111111111111111111111111111112002002002002002002002002011111111111111111111111111111111111111111111111111111112002002002002011111111111111111111111111111111111111111111111111111111111111111111111
111111110000000000000000011111111111111111111111111111111111111111111111110000000000011111111111111111111111111111111111111111111111110000000000000000000000000011111111111111111111111111111111111111111111111111111110000000000000011111111111111111111111111111111111111111111111111111111111111111111111
112002000000000000000000012002012002002002002002002002002002002002002002000000000000002002012002002002002002002012002002002002002002000000000000000000000000000002002002002002002002002002000000000000000000000000000000000000000000002002002002002002002002002002002002002002002002002002002002002002002011
110000002002002002002002010000010000000000000000000000000000000000000000002002002002000000010000000000000000000010000000000000000000002002002002002002002002002000000000000000000000000000000000000000000000000000000000000000002002000000000000000000000000000000000000000000000000000000000000000000000011
110000000000011111110000010000010000000000000000000000000000000000000000000000000000000000010000000000000000000010000000000000000000000000000000000000000000000000000000000000000000000000000000000000000000000000000000000000000000000000000000000000000000000000000000000000000000000000000000000000000011
112002000000011111110000012002012002002002002002002002002002002002002002000000000000002002012002002002002002002012002002002002002002000000000000000000000000000002002002002002002002002000002000000000000000000000000000000000000000000000000000000000000002000000000002002000000000000000000000000002002011
110000002002011111112002010000010000000000000000000000000000000000000000002002002002000000010000000000000000000010000000000000000000002002002002002002002002002000000000000000000000000000000000000000000000000000000000000002002002000000000000000000000000000000000000000000000000000000000000000000000011
111111110000011111111111110000011111111111111111111111111111111111111111111111111111110000010000011110000000000010000000010000000000000000000011111111110000000000011111111111111111110000000011111111111111111111111110000011111111111110000011111110000000000011111110000000011111111110000000010000000011
112002000000002002000000002002012002002002002002002002002002012002002002000000000000002000000000000010000000000012000000012002002002000000000000000000000000000002012002002002002002002000000002000000000000002002000010000010000000000000000010002000000000000002010002002000010000000000000000012002002011
110000002002000000002002000000010000000000000000000000000000010000000000002002002002000000000000000010000000000010000000010000000000002002002002002002002002002000010000000000000000000000000000000000000000000000000010000010002002000000000010000000000000000000010000000000010000000000000000010000000011
110000000000000000000000000000010000000000000000000000000000010000000000000000000000000000000000000010000000000010000000011111111111110000000000000000000000000000010000000000000000000000000000000000000000000000000010000010000000000000000010000000010000000000010000000000010000000000000000010000000011
112002000000000000000000000000010000000000000000000000000000010000000002000000000000002002000000000012000000000012000000011111111111110000000000000000000000000002012002002002002002002000000000000000000000000000000010000010000000000000000010002000012000000002010000000000012000000000000000010002002011
110000002002000000000002000000010000000000000000000000000000010000000000000000002002000000000000000010000000000010000000011111111111112002002002002002002002002000010000000000000000000000000000000000000000000000000012000012002002000000000010000000010000000000010000000000010000000000000000010000000011
110000000011111111111110000000010000000000010000000000000000010000000000000000000000000000010000000011111110000010000000011111111111110000011110000011111111110000010000011111111111111111111111111111111111111110000010000010000000000000000010000000010000000000010000000000011111111110000000010000000011
112002000010000000000010000000000000000002010002002000002000002000002000000000000000002002010000000000002000000010002002002002002002000000011110000011111111110002012002012002002002002000000000000000000002002010000010000010000000000000000010000000000000002000010002000000012002000002000002012002002011
110000002012000000000010000000000000000000010000000000000000000000000000002000002002000000010000000000000000000010000000000000000000002002011112002011111111112000010000010000000000000000000000000000000000000010000010002010002002000000000010000000000000000000010000000000010000000000000000010000000011
111110000010000000000011110000000000000000010000000000000000000000000000011110000000000000010000000000000000000010000000000000000000000000011110000011111111110000010000010000000000000000000000000000000000000010000010000010000000000000000010000000000000000000010000000000010000000000000000010000000011
112002000000002000000010000002000002000002012000002000002000000000000000011110000000002000010000000000000000000010000000002002002002000000002000000002002002000002012002012002002002002002000000000002000000000010000010000010000000000002000010000002000000000000010002000002010000000000002000010002002011
110000002002000000000010000000000000000000010000000000000000000000000000011110002002000000010000000000000000000010000000000000000000002002000002002000000000002000010000010000000000000000000000000000000000000010000010000010002002000000000010000000000000000000010000000000010000000000000000010000000011
110000000000000010000010000000000000000000010000000000000000000000000000011110000000000000010000000000000000000010000000000000000000000000000000000000000000000000010000010000011111110000000011111111111110000010000010000010000000000000000011111110000000000011111110000000011111111110000000010000000011
112002000000000012000000000000000000000000012000000000000000000002002002000000000000002000010000002000000002000010000000002002002002000000002000000002002002000002012002012002012002002002000002000002000010002010000010000010000000000000000000002000000000000002000000002000002000000000000000002002002011
110000002002000010000000000000000000000000010000000000000000000000000000000000002002000000010000000000000000000010000000000000000000000000000000000000000000000000010000010000010000000000000000000000000010000010000010000010002002000000000000000000000000000000000000000000000000000000000000000000000011
110000000010000010000000000000010000000000010000000000000000010000000000000000000000000000010000000010000000000011111111111111111111111111111110000011110000010000010000010000010000000000000000000000000010000010000010000011110000000000000000000000000000000000000000000000000000000000000000000000000011
112002000010002000000000000000010000000002000000002000000000010000000000000000000000002000000002002012000000000000000012002000000002000000002000000011110000010002010002010000010000000000000000000000000012000010000010000011110000000000000000000000000000000002000000000000000000000002000000000002002011
110000002012000000002000000000010000000000000000000000000000010000000000000000002002000000000000000010000000000000000010000000000000000000000002000011110000010000010000010000010000000000000000000000000010000010000010002011112002000000000000000000000000000000000000000000000000000000000000000000000011
110000000010000000000010000000010000000000000000000000000000010000000000000000000000000000000000000010000000000000000010000000000000000000000000000011110000010000010000010000010000011111111111111110000010000010000010000011111111111111111111111111111110000000000011111111111111111111111111111111111111
112002000010000000000010000000010000000000000000000000002002010000000002000000000000002002000000000010000000000000000000002000000000000000000000000000000002010000000000010000012000010000000000000000000010000002000010000010000000000000002000000002000000000000000002000002000000000002000000000002002011
110000002012000000000010000000010000000000000000000000000000010000000000000002002002000000000000000010000000000000000000000000000000000000000000000000000000010000000000010000010000010000000000000000000010000000000012000010002002000000000000000000000000000000000000000000000000000000000000000000000011
111111111111111111111110000000011111111111111111111111111111111111111111111111111111111111111111111111111110000000000000000000000000011111110000000000000000010000000000010000010000010000000000000000000010000000000010000010000000000000000000000000000000000000000000000000000000000000000000000000000011
200200000000000000000010002000012002000000000000000002002000002000002000000000000000002000000000002000000000000000000000002002000000000000002000000000002000010000000000010000010000010000000000000000002010000000000010000010000000000000000000000000000000000000000000000000000000000000000000000002002002
000000200200000000000010000000010000000000000000000000000000000000000000000000002002000000000000000000000000000000000000000000000000000002000000000000000000010000000000010000010000010000000000000000000010000000000010002010002002000000000000000000000000000000000000000000000000000000000000000000000000
000000000000000000000010000000010000000000000000000000000000000000000000000000000000000000000000000000000000000000000010000000000000000000000000000011110000010000000000010000010000010000000000000000000010000000000010000010000011110000000011110000011110000011110000011110000011110000011110000011110000
200200000000200200000000000000010002000000000000002000000002000000000000000000000000002002000000000000000000000002000012002000000000000000000000000002000000000000000000010000010002012000000000002000000010000000000010000000000011110000000011110000011110002011110002011110000011112000011110000011112002
000000200200000000000000000000010000000000000000000000000000000000000000000000002002000000000000000000000000000000000010000000000000000000000000000000000000000000000000010000010000010000000000000000000010000000000010000000002011110000000011110000011110000011110000011110000011110000011110000011110000
000011111111110000000000000000010000011110000011110000011110000011110000011110000011110000011110000011110000000011111111111111111111111111111110000000000000000000010000010000010000010000000000000000000010000010000010000000000011110000000011110000011110000011110000011110000011110000011110000011110000
200200000010200000000000000000210000210000000210200000010000000010000000210000000010002000010000000010000000000010000000002002000000000000000010000000000000000002010000010000010000010000000000000000000010000012000010000000000011110002000000000000000000000000000002000000000000000000000000000002002002
000000200210000000200000000000010000010000000010000000010000000010000000010000000210000000010000000010000000000010000000000000000000000000000012000000000000000000010000010000010000010000000000000000000010000010000010000000002011110000000000000000000000000000000000000000000000000000000000000000000000
000000000010000000000011111111110000010000000010000000010000000010000000010000000010000000010000000010000000000010000000000000000000000000000010000000011111111111110000010000010000011111111111111111111110000010000010000000000011110000000000000000000000000000000000000000000000000000000000000000000000
200200000000200000000000000000010000200000000000000000200000000200000000000000000000200200000000000000000000000010000000200200200000000000000010000000010000000000010000010000010000000000000000000000000002000010002010000000000011110000002000000000002000002002000000000002000000000000000002002002002002
000000200200000000000200000000010000000000000000000000000000000000000000000000200200000000000000000000000000000010000000000000000000000200000010000000010000000000010000010000010000000000000000000000000000000010000010000000002011110000000000000000000000000000000000000000000000000000000000000000000000
000010000000000010000000000000010000000000000000000000000000000000000000000000000000000000000000000000000000000010000000000000000010000000000010000000010000000000010000010000010000000000000000000000000000000010000010000010000011110000000011110000011110000011110000011110000011110000011110000011110000
200210000000200010000000200000010000200000000200000200000000000000000000000000000000200200200000000200000000000010200000200200200010000000000010000000010000000000012000010000010000002000000000000000000000000010000010000010000011110000000011110000011110000011110000011110000011110000011110000011112002
000010200200000010200000000000010000000000000000000000000000000000000000000200200200000000000000000000000000000010000000000000000010000000000010200000010000000000010000010000010000000000000000000000000000000010000010000010002011110000000011110000011110000011110000011110000011110000011110000011110000
000011111111111110000000000000010000011110000011110000011110000011110000011110000011110000011110000011110000000011111111111111111110000000000010000000010000000000010000010000011111111111111111111111111111111110000010000010000011110000000011110000011110000011110000011110000011110000011110000011110000
200200010000200000000000000000010000000200000000000200000000200000000000000000000000200200000000200000000000000010000000200200000010000000000000000000210000000000010000010000002000000000000002000000000000000000000010000010000002002000000000000000000000000002000002000000002000000002000000000002002002
000000210200000000000000000000010000000000000000000000000000000000000000000000000200000000000000000000000000000010000000000000000010000000000000200000010000000000010000010000000000000000000000000000000000000000000010002010002000000000000000000000000000000000000000000000000000000000000000000000000000
000000010000000000000011110000010000000000000000000000000000000000000000000000000000000000000000000000000000000010000000000000000010000000000000000000010000000000010000010000000000000000000000000000000000000000000010000010000000000000000000000000000000000000000000000000000000000000000000000000000011
200200000000200000000010000200000200000000000000000000000000000000000000000000000000200200000000200200000000000010000000200200000010000000000000000000010000000200210000010000200000000000000000000000000200000000000010000010000002000000000000002000000002000000000000000000000002002000000000002002002011
000000200200000000000210000000000000000000000000000000000000000000000000000000000200000000000000000000000000000010000000000000000010000200000200000000010000000000010000010000000000000000000000000000000000000000000010000010002000000000000000000000000000000000000000000000000000000000000000000000000011
000000000000010000000010000000000000011110000011110000011110000011110000011110000011110000011110000011110000000010000000000010000010000000000000000000010000000000010000011111110000000011111111111111111111111111111110000011111111111111111111111111111110000000000011111111111111111111111111111111111111
200200000000210000000010000000000000210000000010200000010000000010000000010000000010200200210000000010000200000010200000200200000210000000000000000000210000000000010000200000000000000000200200200200200200200200200000000210000002000000012000000000002000000000000000000000000002000000002000000002011111
000000200200010000000010000000000000010000000010000000010000000010000000010000000210000000010000000010000000000010000000000000000010000000000000000000010000200000010000000000000000000000000000000000000000000000000200200010200000000000010000000000000000000000000000000000000000000000000000000000011111
000011111111110000000010000000010000010000000010000000010000000010000000010000000010000000010000000010000000000011110000000000000011111111111110000000010000000000010000000000000000000000000000000000000000000000000000000010000000000000010000000000000000000000000000000000000000000000000000000000011111
200200000000200000000010200200010200000000000000000000200000000200200000000000000000200200000000000000000000000010000000200200000000000000200010000000000000000200210200200200200200200200200200200200200200200200200000000210000200200000210000000200000000200000200200000000000000000000000000000200200211
000000200200000000000010000000010000000000000000000000000000000000000000000000000200000000000000000000000000000010000000000000000000000200000210000000000000000000010000000000000000000000000000000000000000000000000200200010200000000000010000000000000000000000000000000000000000000000000000000000000011
000000000000000000000010000000010000000000000000000000000000000000000000000000000000000000000000000000000000000010000000000010000000000000000010000000000000000000011111111111111111111111111111111111111111111111111111111110000000000000010000000010000010000010000010000010000011111110000000000000000011
200200000000200000000010000200010000000000000000200000000000000000200000000000000000200200000200000000000000000010200000200210000000000000200010000000000000000200200200210200200200210200200200200200200200200200200000000200000200200200010000000210000200000000200000000000000010000000000000000000200211
000000200200000000000010000000010000000000000000000000000000000000000000000200200200000000000000000000000000000010000000000010000000000000000010000000000000000000000000010000000000010000000000000000000000000000000200200000200000000000010000000010000000000000000000000000000010000000000000000000000011
111111111111111111111111111111111111111111111111111111111111111111111111111110000000000011111111111111111110000010000011111110000000011111111110000000000000000000000000010000000000010000000000000000000000000000000000000000000000000000010000000010000000000000000000000000000010000000000010000000000011
112000000000200000000000000000000200000000000200000000000000000000000000000000000000200200200000000000000000200000200000200210200000010000000010000000000000000200200200210200200200210200200200200200200200200200200000000200000200200000010200000010000200200200200000000200000000200200000010000000200211
110002002000000000000200000000000000000000000000000000000000000000000000000000000200000000000000000000000000000000000000000010000000010000000010000000000000000000000000010000000000010000000000000000000000000000000200200000200000000000010000000010000000000000000000000000000000000000000010000000000011
110000000000000000000000000000000000000000000000000000000000000000000000000000000000000000000000000000000000000000000000000010000000010000000010000000000000000000000000010000011111110000000000000000000000000000000000000000000000000000010000000010000010000010000010000010000000000000000010000010000011
112000000002000000000000000000000000000000000000000000000000000000000200000000000000200200000000200000000000000000000000200210000000000000000010000000000200000200200200210200200200210200200200200200200200200200200000000200000200200000010000000210000000000000000000000000000000000200000200000000200211
110002002000000000000000000000000000000000000000000000000000000000000000000200000200000000000000000000000000000000000000000010000000200000000010000000000000000000000000010000000000010000000000000000000000000000000200200000200000000000010000000010000000000000000000000000000000000000000000000000000011
110000000000000000000000000000000000000000000000000000000000000000000000000000000000000000000000000000000000000000000000000010000000000000000010000000010000000000000000010000000000010000000011111111110000000010000000000000000000000000010000000010000000000000000000000000000000011110000000000000000011
112000000002000000000000002000000000002000000000002000000002002000000000000000000000200200000000200200000200000000000000200210200000000000200010000000210000000200200200010000000200010000000000000000000000000010000000000000000000200000010000000010000000200000000000000000200000200000000000000200200211
110002002000000002000000000000000000000000000000000000000000000000000000000000002000000000000000000000000000000000000000000010000000000000000010200000010000000000000000010000000000010000000000000000000000000010000000200000200000000000010000000010000000000000000000000000000000000000000000000000000011
110000000000000000000000000000000000000000000000000000000000000000000000000000000000000000000000000000000000000000000000000011111111110000000010000000010000000000000000011111110000010000000000000000000000000010000000000000000000000000010000000010000010000010000010000011111110000000000000010000000011
112000000002000000000000000002000000000000000000002000000002002000000000000000000002002002002002002002002002002002002002002012000000000000200010000000010200000200200000010000000200010000000000000000000000000010000000000000000000200000010200000010000000000000200000000000000000200000000000000000200211
110002002000000000000000000000000000000000000000000000000000000000000000000000002000000000000000000000000000000000000000000010000000000000000010000000010000000000000000010000000000010000000000000000000000000010000000200000000000000000010000000010000000000000000000000000000000000000000000000000000011
110000000000000000000000000000000000000000000000000000000000000000000000000000000000000000000000000000000000000000000000000010000000000000000010000000011111111110000000010000000000010000000000000000000000000010000000000000000000000000010000000010000000000000000000000000000000000000000010000000000011
112000000002002000000000002000000000000000000000000000000000000000000000000000000002002002002002002002002002002002002002002012002000000000000010000000010200000210200000010200000000210200000000000200200000000010000000000000000000200000010000200010000000000000000200200000000200200000000010000000200211
110002002000000000000000000000000000000000000000000000000000000000000000000000002000000000000000000000000000000000000000000010000002000000000010000000010000000010000000010000000000010000000000000000000000000010000200000000000000000000010000000010000000000000000000000000000000000000000010000000000011
110000000000000000000000000000000000000000000000000000000000000000000000000000000000000000000000000000000000000000000000000010000000011111111110000000010000000010000000010000011111110000000000000000000000000010000000000000000000000000010000000010000010000010000000011110000000010000000010000000000011
112000000002000000000002000000002002000000000002000000000000000002000000000000000002002002002002002002002002002002002002002012000000010000000010002000012000000210200000210000000010000000000000000000000000000210000000000200000200200200210200200210200200200210200200200200200200200200200200200200200211
110002002000000000000000000000000000000000000000000000000000000000000000000002002000000000000000000000000000000000000000000010000000012000002012000000010000000010000000010000000010000000000000000000000000000010000200000000000000000000010000000010000000000010000000000000000000000000000000000000000011
110000000000000000000000000000000000000000000000000000000000000000000000000000000000000000000000000000000000000000000000000010000000010000000010000000010000000010000000010000000010000000011111111110000000000010000000000000000000000000010000000010000000000010000010000000000010000000000000000000000011
112000000002002000000000000000000000000000000000000000000000000000000002000000000002002002002002002002002002002002002002002012000000010000000010000000010000000012002002010002002010000002010002000000002000000002000000000000000200200200210200200210200200200210200210200200200200200200200200200200200211
110002002000000000000000000000000000000000000000000000000000000000000000002002002000000000000000000000000000000000000000000010000002010000002010000000010000000010000000010000000010000000010000000000000000000000000000000000000000000000010000000010000000000010000010000000000000000000000000000000000011
110000000000000000000000000000000000000000000000000000000000000000000000000000000000000000000000000000000000000000000000000010000000010000000010000000010000000010000000010000000010000000010000000000000000000000000000000000000000000000010000000010000010000010000011110000000000000010000000000010000011
112000000002002000000002000000000000000000002000000000000002002000000000000000000002002002002002002002002002002002002002002012000000010002000010000000012000000012000000012000002010000000010002000002000000002002000000002000000000200200210200200210200200200200200200200200200200200210200200200200200211
110002002000000000002000000000000000000000000000000000000000000000000000000000002000000000000000000000000000000000000000000010000000010000000012000000010000000010000000010000000010000000010000000000000000000000000000000000000000000000010000000010000000000000000000000000000000000010000000000000000011
110000000000000000000000000000000000000000000000000000000000000000000000000000000000000000000000000000000000000000000000000010000000010000000010000000010000000010000000010000000010000000010000000000000010000011110000000000000000000000010000000010000000000000000000000000011110000010000000000000000011
112000000000000000000000002000002002002002002002002002002002002002002002000000000002002002002002002002002002002002002002002012002000010000000010000000010000002012002000010000000010002000010002000000000010000000010000002000002002002002012002002012002002002002002000000000000000000010000000000000000011
110000002000000000000000000000000000000000000000000000000000000000000000002002002000000000000000000000000000000000000000000010000000010000000010000000010002000010000000010000000010000000010000000000000010000000010000000000000000000000010000000010000000000000000000000000000000000010000000000000000011
110000000000000000000000000000000000000000000000000000000000000000000000000000000000000000000000000000000000000000000000000010000000010000000010000000010000000010000000010000000010000000010000000000000010000000010000000000000000000000010000000010000010000010000000010000000000011111111110000000000011
112000000000000000000000000002000002002002002002002002002002002002002002000000000002002002002002002002002002002002002002002002002000000000000000000000002000000002000000000000000000000000000002000000000010000002010000002000000002002002012002002012002002002002000002000002000002002000000000002000000011
110000000000000000000000000000000000000000000000000000000000000000000000000000000000000000000000000000000000000000000000000000000002000000000000000000000000000000000000000000000000000000000000000000000010000000010000000000000000000000010000000010000000000000000000000000000000000000000000000000000011
110000000000000000000000000000000000000000000000000000000000000000000000000000000000000000000000000000000000000000000000000000000000000000000000000000000000000000000000000000000000000000000000000010000011110000010000011111111111110000010000000010000000000000000010000000000000000000000000000000000011
112000000000000000000002000002002002002002002000000000002000000000000000000000000000002002002002002002002002002002002002002002000000000002000000000000000000002002002000000000000000002000000000002000000010000000010000000000002002002002012002002012002002002002002000000000000000002000000002000000002011
110000000000000000002000000000000000000000000000000000000000000000000000000000000000000000000000000000000000000000000000000000000000000000002000000000000000000000000000000000000000000000000000000000000010000000010000000000000000000000010000000010000000000000000000000000000000000000000000000000000011
110000000000000000000000000000000000000000000000000000000000000000000000000000000000000000000000000000000000000000000000000010000000010000000010000000010000000010000000010000000010000000010000000000000010000000010000000000000000000000010000000010000010000000010000000000010000000010000000010000000011
112000000000000000000002000000000002002002002000000000000002000000000000000000000002000002002002002002002002002002002002002012000000010002000010000002010000000012002000010000000010000000010000002002000010000000010000000000000000000000010000000010000010000002010000000000010000000000000000000000000011
110000000000000000002000000000000000000000000000000000000000000000000000000000000000000000000000000000000000000000000000000010000000010000000012000000010000000010000000010000000010000000010000000000000010000000010000000000000000000000010000000010000010000000010000000000010000000000000000000000000011
110000000000000000000000000011110000000011110000000011111111111111111111111111111111111111111111110000000000000000000000000010000000010000000010000000010000000010000000010000000010000000010000000000000010000000010000000000000000000000010000000011111111111111110000010000010000000000000000000000000011
112000000002000000000002000010000002002012002000000010000002002002000000000000000000000002002002012002002002002002002002002012000000010000000010000000010000000012002000010000000012002000010000000000002000000000010000002000000000000000012000000010000000000002010002000000000000000000000002000000000011
110000000000000000002000000010000000000010000000000010000000000000000000000000000000000000000000010000000000000000000000000010000002012000002012000000010002000010000000010000000010000000010000000000000000000000010000000000000000000000010000000010000000000000010000000000000000000000000000000000000011
110000000000000000000000000010000000000010000000000010000000000000000000000000000000000000000000011111111111111111111111111110000000010000000010000000010000000010000000010000000010000000010000000000000000000000010000000000000000000000010000000010000000000000010000000000000000000011111111111111111111
112000000000000000000000000010000002002012002000000012000002002002000002000000000000002002002002002002002002002002002002002002002000000002000000002002002000002002000000000000000000000000000000000000000002002000010000002000000002000000010000000010002000000002010000002000000000000000000000000000011111
110000000000000000000000000010000000000010000000000010000000000000000000000000000000000000000000000000000000000000000000000000000000000000002000000000000000000000000000000000000000000000000000000000000000000000010000000000000000000000010000000010000000000000010000000000000000000000000000000000011111
110000000000000000000000000010000000000010000011111110000000000000000000000000000000000000000000000000000000000000000000000000000000000000000000000000000000000000000000000000000000000000000000000011111111110000010000000000010000000000010000000010000011110000010000000010000000000000000000000000011111
112000000002000000000000000010002002002012002002002000000000000000002000000000000002002002002002000000000002000000000000000000002000000000000000000000000000000002000000000002000000000000000000000000000002000002010000002000010000000000010000000010000011110002010002002010000002000000000002000002000011
110000000000000000000000000010000000000010000000000000000000000000000000002000002000000000000000000000000000000000000000000000000002002000002000000000000002000000000000000000000000000000000000000000000000000000012002000000010000000000010000000010000011110000010000000010000000000000000000000000000011
110000000000000000000000000011111110000010000000000000000000011110000011111111110000011110000000010000000000000000000000000010000000010000000010000000010000000010000000010000000010000000010000000000000000000000010000000000010000000000010000000010000011110000010000000010000000000000000000000010000011
112000000000000000000000000011111112002012002000000000000002011110000000000000000000011112002002010000000002000000000000000010002000010000000010000000012000000012000000012000002012002002010002000000002000000000010000000000010002000000010002002010000000000002000000000012000000000002000002000000000011
110000000000000002000000000011111110000010000000000000000000011110000000000000000000011110000000010000000000000000000000000010000000010000002010000000010000000010000000010000000010000000010000000000000000000000010000000000010000000000010000000010000000000000000000000010000000000000000000000000000011
110000000000000000000000000011111110000010000000000000000000011110000000000000000000011110000000011111111111111111111111111110000000010000000010000000010000000010000000010000000010000000010000000011111111111111111110000000010000000000010000000010000000000000000000000011111111111111111111110000000011
200000000000000000000000000010000002002012002000000000000000000000002000000000000000011112002002011111111110002000000000000010000000010000000010000000010000000012002002010000002010000000010002000000002000000000000010002000010002000000010000002010000000002002000000000010000000002000000002002000000002
000200000000000000000000000010000000000010000000000000000000000000000000000000000000011110000000011111111110000000000000000010000000010000000010000000010000000010000000010000000010000000010000000000000000000000000010000000010000000000010000000010000000000000000000000010000000000000000000000000000000
000000000000000000000000000010000000000010000000000010000000000000000000000000011111111110000000011111111110000000000000000010000000010000000010000000010000000010000000010000000010000000010000000000000000000000000010000000010000000000010000000010000000000000000000000010000000000000000000000000000000
200000000000000000000000000010000002002012002000000012002000000000000002000000000000000002002002010000000000002000000002000000000000000000000000000000000000000002000002000000000000002000000000000000002000000002000010002000010000000000010000000010000000000002000000002012002000000002000000000000000002
000200000000000000200000000010000000000010000000000010000000000000000000002000002000000000000000010000000000000000000000000000000002002000002000000000000000000000000000000000000000000000000000000000000000000000000010000000010000000000010000000010000000000000000000000010000000000000000000000000000000
000000000000000000000000000010000000000011111110000010000011111111110000000000000000000000000000010000000000000000000000000000000000000000000000000000000000000000000000000000000000000000000000000000000000000000000010000000010000000000010000000011111111111111111111111110000000000000000000000011111111
200000000000000000000000000010000000200211111110000010002000010000000000000000000000000002002002012000000000002000000000000000000000000000000000000000002000002002000000002000002000000000000000000000002000000000000010002000010000000000010000002010000002000002002002002002002002002002002002002002002002
000200200000000200200000000010000000000011111110000010000000010000000000000002002000000000000000010000000000000000000000000000000000000000000000000000000000000000000000000000000000000000000000000000000000000000000010000000010000000000010000000010000000000000000000000000000000000000000000000000000000
000000000000000000000000000010000000000011111110000010000000010000000000011110000000000010000000010000000000000000000000000010000000010000000010000000010000000010000000010000000010000000010000000000000010000000000010000000010000000000010000000010000000000000000000000000000000000000000000000000000000
200000000000000000000000000010000000200211111110000012000000012000000002011110000000000012002002010002000000000000000000000010000000010000000010000000012000002012000000010002002010000000010000000000000000000002000000000000012002000000010000002010000000002002002002002002002002002002002002002002002002
000200200000000000000000000010000000000011111110000010000000010000000000011112000000000010000000010000000000000000000000000010000000010000000012000000010000000010000000010000000010000000010000000000000000000000000000000000010000000000010000000010000000000000000000000000000000000000000000000000000000
110000000000000000000000000010000011111111111110000010000000010000000011111110000000000010000000010000000000000000000000000010000000010000000010000000010000000010000000010000000010000000010000000000000000000000000000000000010000000000010000000010000000000000000000000011111111111111111110000000000011
110000000000000000000000000010000011111112002002000010000002010000000011110000000002000012002002010000000000000000000000000010000000010000000010000000012000000012002002012002002012002002012002002002002002002002000000002000012002000000000000002012000000000002002002002012002002002002002002002002002011
112000000000000000000000000010000011111110000000000010000000010000000011110000002000000010000000010000000000000000000000000010000000012000000010000000010000000010000000010000000010000000010000000000000000000000002002000002010000000000000000000010000000000000000000000010000000000000000000000000000011
110000000000000000000000000010000011111110000000000010000000010000000011110000000000000010000000010000011111111111111111111110000000010000000010000000010000000010000000010000000010000000010000000000000000000000000000000000010000000000000000000010000000000000000000000010000000000000000000000011111111
110000000000000000000000200010000200200210200000000010000000210000000200200000000002000012002002010000000000000000010000000000000000000000000000000000000000002002002002002002002002002002002002002002002002002002000000002000012002000002000000002010000000000002002002002012002002002002002002002002002011
112000000000002002000000000010000000000010000000000010000000010000000000000200000000000010000000010000000000000000010000000000000000000000000000000000000000000000000000000000000000000000000000000000000000000000002002000002010000000000000000000010000000000000000000000010000000000000000000000000000011
110000000000000000000000000010000000000010000000000010000011110000000000000000011110000011110000010000000000000000010000000000000000000000000000000000000000000000000000000000000000000000000000000000000000000000000000000000010000000000000000000010000000000000000000000010000000011111110000000000000011
110000000000000000000000000010000002002012002000002010002000002000000000000000010000000000200200210200000000000000010000000000200000000000000000000000002000000002002002002002002002002002002002002002002002002002000000002000012000000000000000000000000000000002002002002012002002011111112002002002002011
112002000000000000000000000010000000000010000000000010000000000000000000000000010000000000000000010000000000000000010000000000000000000000000002000000000002000000000000000000000000000000000000000000000000000000002002000002010000000000000000000000000000000000000000000010000000011111110000000000000011
110000000000000000000000000010000000000011111111111110000000000000000000000000010000000000000000010000000000000000011111111110000000010000000010000000010000000010000000010000000010000000010000000011111111111111111111110000010000000000000000000000000000000000000000000010000000011111110000000010000011
110000000000000000000000000010000002002002011111110000000000002000002000000000012000000002002002010000000000000000002000000010000000010200000010000000010000000012002002012002002012002002012002002012002002002012000000002000012002002000000000000000002000000002002002002012002002002002002002002012002011
112000000000002002000000000010000000000000011111110000000000000000000000000002010000000000000000010000000000000000000000000010002000010000000210000000010002000010000000010000000010000000010000000010000000000010002002000002010000000000000000000000000000000000000000000010000000000000000000000010000011
110000000000000000000000000010000000000000011111110000000000011111111111111111111111111110000000010000000000000000000000000010000000010000000010000000010000000010000000010000000010000000010000000010000000000010000000000000010000000000000000000000000000000000000000000010000000000000000000000010000011
110000002000000000000000000010002002002002002000000002000000000002002000011110000000002002002002010000000002002000000002000010000000010000000010200000010000000012002002012002002012002002012002002012002002002012000000002000012002002002002002002002002002002002002002002012002002002002002002002012002011
112002000000000000000000000010000000000000000000000000000000000000000000011110000000000000000000010000000000000000000000000010000002010000000010000000010000000010000000010000000010000000010000000010000000000010002002000002010000000000000000000000000000000000000000000010000000000000000000000010000011
110000000000000000000000000010000000000000000000000000000000000000000000011110000000000000000000010000000000000000000000000010000000010000000010000000010000000010000000010000000010000000010000000010000000000010000000000000010000000000000000000000000000000000000000000011111110000000000011111111111111
110000000000000000000000000010002002002002002000002000000000000000000000011110000000000002002002010002000000000002000000000000000000000000000000002000000000000000200200200200200200200200200200200210200200200210000000002000012002002002002002002002002002002002002002002012002002002002002002002002002011
112002000000000000000000000010000000000000000000000000000000000000000000011110000000000000000000010000000000000000000000000000000002000000002000000000002000000000000000000000000000000000000000000010000000000010200200000002010000000000000000000000000000000000000000000010000000000000000000000000000011
110000000000000000000000000011111111111111111111111111111111111111111111111110000000011111111111110000000000000000000000000000000000000000000000000000000000000000000000000000000000000000000000000010000011111110000000000000010000000000000000000000000000000000000000000010000000000000000000000000000011
110000000002000000000000000000000002002002002000002000000002000000000000000010000000000002002002000000002000000000002002002002000000000000000002000002000000000002002002002002002002002002002002002012002002002000000000200000012002002002002002002002002002002002002002002012002002002002002002002002002011
112002000000000000000000000000000000000000000000000000000000000000000000000012000000000000000000000000000000000000000000000000000002000000000000000000000000000000000000000000000000000000000000000010000000000002002000000200010000000000000000000000000000000000000000000010000000000000000000000000000011
110000000000000000000000000000000000000000000000000000000000000000000000000010000000000000000000000000000011111111111111111110000000010000000010000000010000000010000000010000000010000000010000000010000000000000000000000000010000000000000000000000000000000000000000000010000000011111110000000010000011
110000000000000000000002000002000002002002002002000000000000000000000000000010000002000000002000000000000002000000000002000010000000010000000010000000010000002012002002012002002012002002012002002012002000000000000000000000210000000000000200200000200000000000000200200210200200200210200200200210200211
112000000000000000000000000000000000000000000000000000000000000000000000000010000000000000000000000000000000000000000000000010000000010000000010000000010000000010000000010000000010000000010000000010000000000000000000000000010000000000000000000000000000000000000000000010000000000010000000000010000011
110000000000000000000000000000000000000000000000000000000000000000000000000010000000000000000000000000000000000000000000000010000000010000000010000000010000000010000000010000000010000000010000000010000000000000000000000000010000000000000000000000000000000000000000000010000000000010000000000010000011
110000000000000000000000000002002002002002002002000000000000000000000002000010000000000000000000000000000000000000000000000012000000000000000010000000010000000012002002012002002012002002012002002002002002000000000002000000000000002000000000000000000000000002002002002012002002002012002002002012002011
112000000000000000000000000000000000000000000000000000000000000000000000000012000000000000000000000000000000000000000000000010000000000000000010000000012000000010000000010000000010000000010000000000000000000000000000000000000000000000000000000000000000000000000000000010000000000010000000000010000011
110000000000000000000000000000000000000000000000000000000000000000000000000010000000000000000000000000000000000000000000000010000000000000000010000000010000000010000000011111111110000000010000000000000011111111111111110000000000000000000000000000000000000000000000000010000010000010000010000010000011
110000002000000000000000000000000002002002002002000000000000002000000000000010000000002000000000000000000002000002000000000010000000000000000010000002010002000012002002002002002012002002002002002002002000000000000000000000000000002000000000000000000000000000002002002012002012002012002012002012002011
112000000000000000000000000000000000000000000000000000000000000000000000000012000000000000000000000000000000000000000000000010000002000000000010000000010000000010000000000000000010000000000000000000000000000000002000000000000000000000000000000000000000000000000000000010000010000010000010000010000011
110000000000000000000000000000000000000000000000000000000000000000000000000011111111111111111111111111111111111111110000000011111111111111111110000000011111111111110000000000000010000000000000000000000000000000000000000000000000000000000000000000000000000000000000000010000010000010000010000010000011
110000000000000000000000000000000002002002002002000000002000000002000000000000002000000002000000000000000002000010000000000000000000000000000010000000000000000002012002002002002012002002002002002002002002000000000000000002000002000000002002000000000002002000002002002012002012002012002012002012002011
112000000000000002000000000000000000000000000000000000000000000000000000000000000000000000000000000000000000000010000000000000000000000000000010000000002000000000010000000000000010000000000000000000000000000000000000002000000000000000000000000000000000000000000000000010000010000010000010000010000011
110000000000000000000000000000000000000000000000000000000000000000000000000000000000000000000000000000000000000010000000000000000000000000000010000000000000000000010000000000000010000000010000000000000000000000000000000000000000000000000000000000000000000000000000000010000010000010000010000010000011
110000000000000000000000000000000002002002002002002002000000000000000000002000000000000000000000000000002000002010002000000002000000000000000010000000000000002002012002002002002012002002012002002002002000000000000000000000000000000000000000002002000000002000002002002012002012002012002012002012002011
112000000000000000000000000000000000000000000000000000000000000000000000000002000000000000000000000000000000000010000000000000000000000000000010000000000000000000010000000000000010000000010000000000000000000000000000000000000000000000000000000000000000000000000000000010000010000010000010000010000011
110000000000000000000000000000000000000000000000000000000000000000000000000000000010000000000000000000000000000010000000000000000000011110000010000000011111111111110000000000000010000000010000000000000000000000000000000000000000000000000000000000000000000000000000000010000010000010000010000011111111
110000000000000000002000000002000002002002002002002002002000000002000000000000000010000000000000002002002002002012002002002002000000002000000012002002011111111111112002002002002012002002012002002002002000000000000000000002000000000000000000000000000002000002002002000010000010000010002010000010000011
112000000000000000000000000000000000000000000000000000000000000000000000000000000010000000000000000000000000000010000000000000002002000002002010000000011111111111110000000000000010000000010000000000000000000002000000000000000000000000000000000000000000000000000000000010000010000010000010000010000011
110000000000000000000000000000000000000000000000000000000000000000000000000000000010000000000000000000000000000010000000000010000010000000000010000000011111111111111111111110000010000000010000000000000000000000000000000000000000000000000000000000000000000000000000000010000010000010000010000010000011
110000000000000000000002000000000002002002002002000000000000002000002000000000000010000002000000002002002002002012002000000012000000000000000010000000000002002002002002002002002012002002002002002002002000000000000000000000000000000002000000002000002000000000002002000010000010000010002010000012000011
112000000000000000000000000000000000000000000000000000000000000000000000000000000010000000000000000000000000000010000000000010000000000000000010000000000000000000000000000000000010000000000000000000000000000002000000002000000000000000000000000000000000000000000000000010000010000010000010000010000011
110000000000000000011111111111111111111111111111111110000000000000000011111111111110000000010000000000000000000010000000000010000000000000000010000000000000000000000000000000000010000000000000000000000000000000000000000000000000000000011111111111111110000000011111111110000010000010000010000010000011
110000002002000000012002002002002002002002002002000002000002000000000011110000000000000000010000002002002002002012000000002010000000000000000010002002000000002002000000002000000012002002000002000002002000000000000000000000000000000000010000000000000002000000002002000002000010000010000010000010000011
112002000000002002010000000000000000000000000000000000000000000000000011110000000000000000010000000000000000000010000000000010000000000002000010000000000000000000000000000000000010000000000000000000000000000000000000000000000000000000010000000000000000000000000000000000000010000010000010000010000011
110000000000000000010000000000000000000000000000000000000000000000000011110000000000000000010000000000000000000010000000000010000000011110000011111111111111111111111111111111111111111110000000000011111111111111111111111111111111111111110000000000000000000000000000000000000010000010000010000010000011
110000002002000000012002002002002002002002002002002000002002000000000011110000000002002002010000002002002002002012000002002010000000002000000011110002000000002002002000000000000002000000000000000002002000000000000000000000000002000002012000000000000000000000002002002000000012000010002010000012002011
112002000000002002010000000000000000000000000000000000000000000000000011110000000000000000010000000000000000000010000000000010000000000000000011110000000000000000000000000000000000000000000000000000000000000002000000000000000000000000010000000000000000000000000000000000000010000010000010000010000011
110000000000000000010000000010000000010000000010000000000000000000000011110000000000000000010000000000000000000010000000000010000010000000000011110000000000000000000000000000000000000000000000000000000000000000000000000000000000000000010000000000000000000000000000000000000010000010000010000010000011
110000002002000000012002002012002002012002002012000000000000000002000011110000000000000000012000002002002002002012002002000010000000000000000011110000000000002002000002002000000000000000000000000002002002000000000000000000000000000000012000000000000000000000002002000000000010000010002010000012000011
112002000000002002010000000010000000010000000010000000000000000000000011110000000000000000010000000000000000000010000000000010002000000002002011110000000000000000000000000000000000000000000000000000000000000000000000000000000000000000010000000000000000000000000000000000000010000010000010000010000011
110000000000000000010000000010000000010000000010000000000000000000000011110000000000000000010000000000000000000010000000000010000000000000000011110000000011111111111110000000011111111111110000000011111111111110000000011111111111110000010000000011111111111111111111111111111110000010000010000010000011
110000002002000000012002002012002002012002002012000000000000000000000011110000000000000000010000002002002002002012000000002010000000000000000011110000000000002002000010000000000000000000010000000002002002000010000000000000000000010000010002000010000002000002002002000000000010000000000002000002000011
112002000000002002010000000010000000010000000010000000000000000000000011110002000000000000010000000000000000000010000000000010000002000002000011110000000000000000000010000000000000000000010000000000000000000010000000000000000000010000010000000010000000000000000000000000000010000000000000000000000011
110000000000000000010000000010000000010000000010000000000000000000000011110000000000000000010000010000000010000010000000000010000000011110000011110000010000000000000010000010000000000000010000010000000000000010000010000000000000010000010000000010000000000000000000000000000010000000000000000000000011
110000002002000000012002002002002002002002002002000000000000000002000011112000000000002000010002012002002012002012000000000010000000000000000011110000010000002002000010000010000000000000010000010002002000002010000010000000000000010000010000000012000000000000002002000000000010000002000000000000000011
112002000000002002010000000000000000000000000000000000000000000000000011110002000000000000010000010000000010000010000000000010002000000002000011110000010000000000000010000010000000000000010000010000000000000010002010000000000000010000010000000010000000000000000000000000000010000000000000000000000011
110000000000000000010000000000011110000011110000000000000000000000000011110000000000000000010000010000000010000010000000000010000010000000000011110000010000000000000010000010000000000000010000010000000000000010000010000000000000010000010000000010000000010000000010000000000010000011110000011110000011
110000000000000000010000000000002002002002002002002002002002002002002011112000002002002002012002012002002012002012000000000010000000000000000011110002010000002002000012000012000002000000010000010002002000000010000010000000000000010000010000000010000000000000002002002000000010000011112000011110000011
110000000000000000010000000000000000000000000000000000000000000000000011110002000000000000010000010000000010000010000000000010002000000000000011110000010000000000000010000010000000000000010000010000000000000010000010002000000000010000010000000010000000000000000000000000000010000011110000011110000011
110000000000000000010000000000000000000000000000000000000000000000000011110000000000000000010000011111111110000010000000000010000000000000000011110000010000000000000010000010000000000000010000010000000000000010000010000000000000010000010000000010000000000000010000010000000010000011110000011110000011
110000000000000000010000000000002002002002002002002002002002002002002011112000002002002002012002002002002002002012000000000012000000000000000011110000010002002002002010000010000000000002010002010002002002000010000010000000000000010000010000000010000002000000002002000000000012000000000000000000002011
112002000000000000010000000000000000000000000000000000000000000000000011110002000000000000010000000000000000000010000000000010000000000000000011110000010000000000000010000010000000000000010000010000000000000012000010000000000000010000010000000010000000000000000000000000000010000000000000000000000011
110000000000000000011111111111111111111111111111111110000000000000000011110000000000000000010000000000000000000010000000000010000000011110000011110000010000000000000010000010000000000000010000010000000000000010000010000000000000010000010000000010000000010000000000000000000010000000000000000000000011
000000000000000000000000002000002002002002002002002012002002002002002011112000002002002002012002002002002002002012000002000010000000000000000011110000010000002002000010000010002000002002012000010002002000000010000010000000000000010000010002000010000000000000002002000000000010000000000002000000002002
000200000000000002000000000000000000000000000000000010000000000000000011110002000000000000010000000000000000000010000000000010002000000000000011110000010000000000000010000010000000000000010000010000000000000010002010000000000000010000010000000010000000000000000000000000000010000000000000000000000000
000000000000000000000000000000000000000000000000000010000000000000000011110000000000000000011111111111111111111110000000000010000010000000000011110000011111110000000010000011111110000000010000011111110000000010000011111110000000010000010000000010000010000000000000010000000010000011111111111110000000
000000000000000000000000000000002002002002002002002012002002002002002011112000002002002002002002002002002002002012002000000010000000000000000011110000000000002002000002000000000000002000000000002002002000000000000000000002000000000000000000002010000002000000002002000000000010000002011111110000000002
000000000000000000000000000000000000000000000000000010000000000000000011110002000000000000000000000000000000000010000000000010000000000000000011110000000000000000000000000000000000000000000000000000000000000000000000002000000000000000000000000010000000000000000000000000000010000000011111110000000000
000000000000000000000000000011111111111111111110000010000000000000000011110000000000000000000000000000000000000010000000000010000000000000000011110000000000000000000000000000000000000000000000000000000000000000000000000000000000000000000000000010000000000010000010000000000010000000011111110000000000
000000200000000000000000000000200200210000010000000010000200200200000011110000002002000000000000000000000002002012000002000010000000000000000011110002000000002002000000000000000000000000000000000002002002000000000000000002002002000000002000002010000000000000002002000000000000002000000000000000002002
000000000000000200000000000000000000010000010000000010000000000000000011110000000000000000000000000000000000000010000000000010000000000002000011110000000000000000000000000000000000000000000000000000000000000002002000000000000000000000000000000010000000000000000000000000000000000000000000000000000000
000000000000000000000000000000000000010000010000000010000000000000000011110000000000000000000000000000000000000010000000000010000000011110000011110000000000000000000000000000000000000000000000000000000000000000000000000000000000000000000000000010000000000000000000000000000000000000000000000000000000
000000000200000000200000000200200200210200010200200010000200000000000011110000000000000000000000000000000002002012000002000010000000000000000011110000000000002002000000000000000002000000000000000002002000002000000000000000000000000002000002000010002000000000002002000000002000000000000002002000000002
000000000000000000000000000000000000010000010000000010000000000000000011110000000000000000000000000000000000000010000000000010000000000000000011110000000000000000000000000000000000000000000000000000000000000000000000002000000000000000000000000010000000000000000000000000000000000000000000000000000000
000000000000000000000000000000000000010000010000000010000000000000000011110000000000000000000000000000000000000010000000000010000010000000000011110000000000011111111110000000000011111111110000000000011111111110000000000011111111110000010000000010000000010000000010000000000000000000000000000000000000
000000200200000000000200000200200200210000010000000210200000000000200011110000000000000000002002000000000002002012000002002010000000000000000011110000000000002002000000000000000000000000002000002002002002002000000000000002000002002000010000000010000000000000002002000000000000000000000000000000000002
000000000000000000000000000000000000010000010000000010000000000000000011110002000000000000000000000000000000000010000000000010000000000000000011110000000000000000000000000000000000000000000000000000000000000002000000002000000000000000010000000010000000000000000000000000000000000000000000000000000000
000000000000000000011111111110000000010000010000000010000000000000000011110000000000000000000000000000000000000010000000000010000000000000000011110000010000000000000000000010000000000000000000010000000000000000000010000000000000000000010000000010000010000000000000010000000010000010000010000010000000
000000000000000000010000000200200200210000000000000010000000000000000011110000000000000000002000000002000002002012000000000010000000000000000011110000012000002002002002002012002002002002002002012002002000000000000010000000000000002000010000000010000000002002002002000000000010000000002002000002000002
000000000000200000010000000000000000010000000000000010000000000000000011110002000000000000000000000000000000000010000000000010002002000000000011110000010000000000000000000010000000000000000000010000000000000000000010000000000000000000010000000010000000000000000000000000000010000000000000000000000000
000000000000000000010000000000000000010000000000000010000000000000000011110000000000011111111111110000000000000010000000000010000010000000000011110000010000000000000010000010000000000000010000010000000000000010000010000000000000010000010000000010000000000000000000000000000010000000000000000000000000
000000000000000000010000000200200200210000000000000010000000200000200211110000000000010000002000012002000002002012000000000010000000000000000011112000012000002002002012002012002002002002012002012002002002002010000012000002002002012002012002002012002002002002002002000002000012000000000000002002000002
000000000000000000010000000000000000010000000000000010000000000000000011110000000000010000000000010000000000000010000000000010000000000000000011110000010000000000000010000010000000000000010000010000000000000010000010000000000000010000010000000010000000000000000000000000000010000000000000000000000000
000000000000000000010000000000000000010000000000000010000000000000000011110000000011110000000000011110000000000010000000000010000000011110000011110000010000000000000010000010000000000000010000010000000000000010000010000000000000010000010000000011111111111111111111111111111110000010000010000010000000
000000000000000000210000000000200200200000000200200010000000000000000211110000000012002000000000000010000002002012000000000010000000000000000011110000002000002002002012002002002002002002012002002002002002000010000000000000002000010000010002002002002002002002002002000002002000000000002000002000000002
000200000000200000010000000000000000000000000000000010000000000000000011110000000010000000000000000010000000000010000000000010000000000002000011110000000000000000000010000000000000000000010000000000000000000010002000002000000000010000010000000000000000000000000000000000000000000000000000000000000000
000000000000000000010000000000000000000000000000000010000000000000000011110000011110000000000000000011110000000010000000000010000000000000000011110000000000000000000010000000000000000000010000000000000000000010000000000000000000010000010000000000000000000000000000000000000000000000000000000000000000
000000000200000000010200000000200200200000000000000210000000200000000211110000010000002000000000000002012002002012000002000012000000000000000011112000002000002002002012002002002002002002012002002002002002000010000000000000000000010000010002002002002002002002002002002000000000000000000000000000000002
000000000000000000010000000000000000000000000000000010000000000000000011110000010000000000000000000000010000000010000000000010000002000000000011110000000000000000000010000000000000000000010000000000000000000010000000000000000000010000010000000000000000000000000000000000000000000000000000000000000000
000000000000000000011111111111111111111111111111111110000000000000000011110000010000000011111110000000010000000010000000000011111111111110000011110000011111111110000010000011111111110000010000011111111110000010000011111111110000010000010000000000000000000000000000000000000000000000000000000000000000
000000000200000000000200000000200200200200000000000010000200000200000000200000010000000000000002000000012002002002000002000002000000000000000000000002000002002002002002002002002002002002002002002002002002000000000000000000002000000000012002002002002002002002002002000000000000000000000000002000000002
000200000000200000000000000000000000000000000000000010000000000000000000000000010000000000000000000000010000000000000000000000000000000000000000000000000000000000000000000000000000000000000000000000000000000000000000000000000000000000010000000000000000000000000000000000000000000000000000000000000000
110000000000000000000000000000000000000000000000000010000000000000000000000000010000000000000000000000010000000000000000000000000000000000000000000000000000000000000000000000000000000000000000000000000000000000000000000000000000000000011111111111111111111111111110000000000000011111111111111111111111
110000000000000000000000000000200200200000200000000010000000000000000000200000210200000000000000000200010200200200200000000000000000000000000002000002000000002002002002002002002002002002002002002002002002002000000000000000000002000000010002002002002002002002002002000000000000000000000000000000000011
110000000000000000000000000000000000000000000000000010000000000000000000000000010000000000000000000000010000000000000000000000200000000000002000000000000000000000000000000000000000000000000000000000000000000000000000000000000000000000010000000000000000000000000000000000000000000000000000000000000011
110000000000000000000000000000000000000000000000000010000000011111111111111111110000011111111111110000010000000000000000000000000000000000000000000000000000000000000000000000000000000000000000000000000000000000000000000000000000000000010000000000000000000000000000000000000000000000000000000000000011
110000000000000000200000000000200200200000000000000210200000000000000000200000000000000000000000200200010200200200200200000000000000000000000000000000002000002002002002002002002002002002002002002002002002000000000000000000002000002000012002002002002002002002002002000000000000000002002000000000000011
112000000002000000000000000000000000000000000000000010000000000000000000000000000000000000000000000000010000000000000000000000000000000000000000000000000000000000000000000000000000000000000000000000000000000000000000000000000000000000010000000000000000000000000000000000000000000000000000000000000011
110000000011111111111111111111111111111111111111111110000000000000000000000000000000000000000000000000011111111111111111111111111111111111111111110000000000011110000000000000000011110000000000000000011110000000000000000011110000000000010000000000000000000000000000000000000000000000000000000000000011
110000000000000000000000000000002002000000000002000000002000000000002002000000000000000000000000000000000200200200200000000000000000000000000000010000000200200200200200200200200200200200200200200200200200200000000000000000000000000000010002002002002002002002002002000000000000000000000000000000000011
110000000000000000000000000000000000000000000000000000000000000000000000000000000000000000000000000000000000000000000000000000200200000000000000010000000000000000000000000000000000000000000000000000000000000000000000000000000000000000010000000000000000000000000000000000000000000000000000000000000011
110000000000000000000000000000000000000000000000000000000000000000000000000000000000000000000000000000000000000000000000000000000000000000000000010000010000000000000010000010000000000000010000010000000000000010000010000000000000010000010000000000000000000000000000000000000000000000000000000000000011
110002000000000000000000000000002002000000000000000000002000002000000000000002000002000000002002000000000002002002000000000000000000000000000000010000010200200200000010000210000000200200010000010200200200200010000010000000000000010000010002002002002002002002002002000000002002002000000002000000000011
110000000000000000000000000000000000000000000000000000000000000000000000000000000000000000000000000000000000000000000000000000002000000000000000010000010000000000000010000010000000000000010000010000000000000010200010000000000000010000010000000000000000000000000000000000000000000000000000000000000011
110000000000000000000000000000000000000000000000000000000000000000000000000000000000000000000000000000000000000000000000000010000000000000000000010000010000000000000010000010000000000000010000010000000000000010000010000000000000010000010000000000000000000000000000000000000000000000000000000000000011
110000000000000000000000000002002002000002000000002000000000002002002002000000000000000000000000000000002002002002000000002010000000000000000000210000210000200200200210000010000000000200210000010200200200200010000010000000000200010000210000200200200200200200200200200200200200200200200200200200200211
110000000000000000000000000000000000000000000000000000000000000000000000000000000000000000000000000000000000000000000000000010002000000002000000010000010000000000000010000010000000000000010000010000000000000210000010200000000000010000010000000000000000000000000000000000000000000000000000000000000011
110000000000000000011111111111111111110000000000000000000000010000000000000011111111111111111111111111111111111110000000000011111111110000000000010000010000000000000010000010000000000000010000010000000000000010000010000000000000010000010000000000000000000000000000000000000000000000000000000000000011
110000002000000002010002000000002002000000000000000000000002010000002000000000000000000000012000000000000002002002000000000010000000010000000000010000010000002002002010000010002000000000010000012002002002000010000010000200000000010000010000200200200200200200200200200200200200200200200200200200200211
112000000000000000010000000000000000000000000000000000000000010000000000000000000000000000010000000000000000000000000000000012000000010000000000010000010000000000000010000010000000000000010000010000000000000010000010000000000000010000010000000000000000000000000000000000000000000000000000000000000011
110000000000000000010000000000000000000000000000000000000000010000000000000000000000000000010000000000000000000000000000000010000000010000000000010000010000000000000010000010000000000000010000010000000000000010000010000000000000010000010000000000000000000000000000000000000000000000000000000000000011
110000000000000000010000000000002002002000000000000000000000012000000000000000000002002002010000000000000002002002000000000010000000010000000002010000000000002002002000002000000000002000002000002002002002000000002000000200000000200000210200200200200200200200200200200200200200200200200200200200200211
110000000000000000010000000000000000000000000000000000000000010000000000000000000000000000010000000000000000000000000000000010002000010000000000010000000000000000000000000000000000000000000000000000000000002002000002000000000000000000010000000000000000000000000000000000000000000000000000000000000011
110000000000000000010000000000000000000000000000000000000000010000000000000000000000000000010000000000000000000000000011111110000011111110000000010000000000011110000000000000000011110000000000000000011110000000000000000011110000000000010000000000000000000000000000000000000000000000000000000000000011
110000000000000000010000002000002002000000000002000000000002010000000000000000000000000000010002000000002002002002002012002000000011111110002002012002002002002002000000000000000000000000002000002000002002000000000000000002000000000000012000000000002000002000002002002002002002002002002002002002002011
110000000000000000010000000000000000000000000000000000000000010000000000002000000000000000010000000000000000000000000010000002002011111112000000010000000000000000000000000000000000000000000000000000000000000000000000000000000000000000010000000000000000000000000000000000000000000000000000000000000011
110000000000000000010000000011111111111111111111110000000000011111111111111111111110000000010000000000000000000011111110000000011111111111110000010000000000000000000000000000000000000000000000000000000000000000000000000000000000000000010000000000000000000000000000000000000000000000000000000000000011
110002002000000000010000002010002002000000000000000000000000002000000000000000000012000000010000000000000002002012002002002000000002002000002002012002002002002002000000002000000000000002000000002000000000000000000000000000000000000000010000000000000000000000000000002002002002002002002002002002002011
110000000000000000010000000010000000000000000000000000000000000000000000000000000010000000010000000000000000000010000000000002002000000002000000010000000000000000000000000000000000000000000000000000000000000000000002000000000000000000010000000000000000000000000000000000000000000000000000000000000011
110000000000000000010000000010000000000000000000000000000000000000000000000000000010000000010000000000000000011110000000000000000000000000000000011111111111111111111111111111111111111111111111111111111111111111111111110000000011111111111111111111111111111111111111111111111110000000000000000000000011
110000000000000000010000002010002002002002000000000000000000002000002002000000002010002000010000000000000002012002002002002000000002002000002002002002002012002002000010000000000000002000000000002002000000000000000000012000000010000000000000002000000000000000000002011111111112002002002002002002002011
110000000002000000010000000010000000000000000000000000000000000000000000000000000010000000010000000000000000010000000000000002002000000002000000000000000010000000000010000000000000000000000000000000000000000000000000010000000010000000000000000000000000000000000000011111111110000000000000000000000011
110000000000000000010000000010000000000000000000000000000000000000000000000000000010000000010000000000000011110000000000000000000000000000000000000000000010000000000010000000000000000000000000000000000000000000000000010000000010000000000000000000000000000000000000011111111110000000000000000000000011
110000000000000002010000000012002002000000000002000000000000000002000000000000000012000000010000002000000012002002002002002000000002002000002002002002002012002002000000000002000000000000002000002000000002000000000000010000000010000000000000000000000000000002000000011111111112002002002002002002002011
112000000002000000010000000010000000000000000000000000000000000000000000000000000010000000010000000000000010000000000000000002002000000002000000000000000010000000000000000000000000000000000000000000000000000000000000010000000010000000000000000000000000000000000000011111111110000000000000000000000011
110000000000000000010000000010000000011111110000000000000000000000011111110000000010000000010000000000011110000000000000000000000000000000000000011111111110000010000000000000000000000010000010000010000010000010000000010000000010000000000000000000000000000000000000011111111110000000000000000000000011
110000002000000000010000002010002002011111110002000000000000002000011111110002000010000002010000000000010002002002002002002000000002002000002002002002002002002012000000000000000000002002002000002000002000000000000000010000000010000000000000000000002000000000000000011111111112002002002002002002002011
110000000000000000010000000010000000011111110000000000000000000000011111112000000010000000010000000000010000000000000000000002002000000002000000000000000000000010000000000000000000000000000000000000000000000000000002010000000010000000000000000000000000000000000000011111111110000000000000000000000011
110000000000000000010000000010000000011111110000000000000000000000011111110000000010000000010000000000010000000000000000000000000000000000000000000000000000000011111111111110000000000000000000000000000000000000000000010000000010000000000000000000000000000000000000011111111110000000000000000000000011
000002000000000000010000000000002002011111112002002002002002002002011111110002002002002002012002002002012002002002002002002000000002002000002002002002002002002012000002002010000000002000000000002000000000000000000000012000000010000002000000000000000000000000000000011111111112002002002002002002002002
000000000000002000010000000000000000011111110000000000000000000000011111112000000000000000010000000000010000000000000000000002002000000002000000000000000000000010000000000010000000000000000000000000000000000000000000010000000010000000000000000000000000000000000000011111111110000000000000000000000000
000000000000000000010000000000000000011111110000000011111110000000011111110000000000000000010000000000010000000000000000000000000000000000000000011111111111111110000000000010000000011111111111111111111111111110000000010000000010000000000000000000000000000000000000011111111110000000000000000000000000
000000200000000000010000002000002002002002002002002011111112002002002002000002002002002002012002002002012002002002002002002000000002002000002002002002002002002002000000002010000000010000000000002000000000000000000000002000002010000000000000000000000000002000000000011111111112002002002002002002002002
000000000000000000010000000000000000000000000000000011111110000000000000002000000000000000010000000000010000000000000000000002002000000002000000000000000000000000000000000010000000010000000000000000000000000000000002000000000010000000000000000000000000000000000000011111111110000000000000000000000000
000000000000000000010000000000000000000000000000000011111110000000000000000000000000000000010000000011111110000000000000000000000000000000000000000000000000000000000000000010000000010000000000000000000000000000000000000000000010000000000000000000000000000000000000011111111110000000000000000000000000
000200200000000000010000000200000000000000000000000011111112002002000000000000000002000000010000000011111110000000000000000000000002000000002002002002002002002002000000000010000002010000000000002000000000000000000000002000000010000000000002000000002000000000000000011111111112002002002002002002002002
200000000200000000010000000000000000000000000000000011111110000000000000002000000000000000010000000011111110000000000000000002000000000002000000000000000000000000000000000010000000010000000000000000000000000002000000000000000010000000000000000000000000000000000000011111111110000000000000000000000000
110000000000000000010000000010000000000000000000000011111110000000000000000000000010000000010000011111111111111111111111111111111111111111110000000011111111111111110000000010000000010000000000000000000000000000000000000000000010000000000000000000000000000000000000011111111110000000000000000000000011
110200200000000000010200000010000000000200200200000000200200200200200200000000000012000000010000000000000000000000000000010000000000002000002002002002002002012002010000000010000000010000000000002000000000000000000000002002000010000000002000000000002000000000000000011111111112002002002002002002002011
110000000200000000010000000010000000000000000000000000000000000000000000000000000010000000010000000000000000000000000000010000000000000002000000000000000000010000010000000010000000010000000000000000000000000000000000000000000010000000000000000000000000000000000000011111111110000000000000000000000011
110000000000000000010000000010000000011111110000000000000000000000011111110000000010000000010000000000000000000000000000010000000000000000000000000000000000010000010000000010000000010000000010000011111111111111111111110000000010000000000000000000000000000000000000011111111110000000000000000000000011
112002000000000200010200200010200200011111110002000002002002002002011111110000000010000000010200200000200000000200000000210000000002002000002002002002002002012002002000000010002002010002000010002000000000000000000000012000000010000000000000000002002000000000002000011111111112002002002002002002002011
110000002000000000010000000010000000011111110000000000000000000000011111110000000010000000010000000000000000000000000000010000000000000002000000000000000000010000000000000010000000010000000010000000000000000000000000010000000010000000000000000000000000000000000000011111111110000000000000000000000011
110000000000000000010000000010000000011111110000000000000000000000011111110000000010000000010000000000000000000000000000010000000011111111111110000000011111110000000000000010000000010000000010000000000000000000000000010000000010000000000000000000000000000000000000011111111110000000000000000000000011
112002000000000000010000000010000000011111110000002002002002002002011111110000000010000000010000000000002000002000002000010000000010200000002002002002002002002002000000000012000000010000000010002000000000000000000000010000000012000000000000000000002000002000000000011111111112002002002002002002002011
110000002002000000010000000010000000011111110000000000000000000000011111110000000010000000010000000000000000000000000000012000000010000000000000000000000000000000000000000010000000010000000010000000000000002002000000010000000010000000000000000000000000000000000000011111111110000000000000000000000011
110000000000000000010000000010000000011111110000000000000000000000011111110000000010000000010000010000010000010000010000010000000010000000000000000000000000000000010000000010000000010000000010000000000000000000000000010000000010000000000000000000000000000000000000011111111110000000000000000000000011
112002000000002000012000000010000000000000000000000002002002002002000002000000000012000000010000010000010000010002012000010000000010000000200200200200200200200200210000000010000200010000000010000200200200000000002000012002002012002002002002002002002002002002002002011111111112002002002002002002002011
110000002000000000010000000010000000000000000000000000000000000000000000000000000010000000010000010000010000010000010000010000000010000000000000000000000000000000010000000010000000010000000010000000000000200200000002010000000010000000000000000000000000000000000000011111111110000000000000000000000011
110000000000000000010000000010000000000000000000000000000000000000000000000000000010000000010000011111110000011111110000010000000010000011111111111111111110000000010000000010000000010000000010000000000000000000000000010000000010000000000000000000000000000000000000011111111110000000000000000000000011
112002000000002000010002000010000002000000002002000002002002002002000000000002000010000000010000000000000000002002000002010000000012000012002002002002002012002002010002000010000000010000000012002002002000000000200000012002002012002002002002002002002002002002002002011111111112002002002002002002002011
110000002000000000010000000010000000000000000000000000000000000000000000000000000010000000010000000000000000000000000000012002000010000010000000000000000010000000010000000010000000010000000010000000000002002000000200010000000010000000000000000000000000000000000000011111111110000000000000000000000011
110000000000000000010000000011111111111111111111110000000000000011111111111111111110000000010000000000000000000000000000010000000010000010000000000000000010000000010000000010000000010000000010000011111111111111110000010000000011111111111111111111111110000000000000011111111110000000000000000000000011
112002000000000000010000000002000000000000000002002002002002002002000000000002000000000000010000000000000000002000000002010000000010000002002002002002002012002002010002002010000000012000002010002012002000000002000000200200200200200200200200200200200210200200200200200200200200200200200200200200200211
110000002000000000010000000000000000000000000000000000000000000000000000000000000000000000010000000000000000000000000000010002000010000000000000000000000010000000010000000010000000010000000010000010000002002000002000000000000000000000000000000000000010000000000000000000000000000000000000000000000011
110000000011111111110000000000000000000000000000000000000000000000000000000000000000000000010000000000000000000000000000010000000010000000000000000000000010000000010000000010000000010000000010000010000000000000000000000000000000000000000000000000000010000000000000000000000000000000000000000000000011
112002000010000000000000000002000002000002000000000002002002002002000000000000000002000000010000002000000000000000002000010000000012000002002002002002002012002002012002002012002002012002002012002012002000000002000002002002002002002002002002002002002012002002002002002002002002002002002002002002002011
110000002010000000000000000000000000000000000000000000000000000000000000000000000000000000010000000000000000000000000000010000000010000000000000000000000010000000010000000010000000010000000010000010000002002000002000000000000000000000000000000000000010000000000000000000000000000000000000000000000011
110000000010000000000000000000000000000000000000000000000000000000000000000000000000000000010000011111111111111111110000010000000011111111111110000011111110000000010000000010000000010000000010000010000000000000000000000000000000000000000000000000000010000000000000000000000000000000000000000000000011
112002000010000000000000000000000000000000000002000002002002002002000000000000000000000000010000010000000000002000010000010000000002000002002002002002002002002002012002002012002002012002002012002012002000000002000002002002002002002002002002002002002002002002002002002002002002002002002002002002002011
110000002010000000000000000000000000000000000000000000000000000000000000000000000000000000010000010000000000000000010000010000000000000000000000000000000000000000010000000010000000010000000010000010000002002000002000000000000000000000000000000000000000000000000000000000000000000000000000000000000011
110000000010000000011111111111110000011111111111111111110000011111111111111111111110000011110000010000000000000000010000010000000000000000000000000000000000000011110000000010000000010000000010000010000000000000000000000000000000000000000000000000000000000000000000000000000000000000000000000000000011
112002000010000000002002000000000000010000000000010002002002002002000000000000000010002000012000010000000000000000012002010000000000000002002002002002002002002012002002002012002002012002002012002012002000000002000002002002002002002002002002002002002002002002002002002002002002002002002002002002002011
110000002012000000000000000000000000010000000000010000000000000000000000000000000010000000010000010000000000000000010000012000000000000000000000000000000000000010000000000010000000010000000010000010000002002000002000000000000000000000000000000000000000000000000000000000000000000000000000000000000011
110000000010000000000000000000000000010000000000010000000000000000000000000000000010000000010000010000000000000000010000010000000000011111111111111111111111111110000000000010000000010000000010000010000000000000000000000000000000000000011111110000000000000000000000000000000000000000000000000000000011
112002000010002002002002002002002002012002002002012002002002002002000000002000002010002002010002000000002000000002000000000000000002010002002002002002002002002012002002002012002002012002002012002012002000000002000002002002002002002002011111112002002002002002002002002002002002002002002002002002002011
110000002012000000000000000000000000010000000000010000000000000000000000000000000010000000010000000000000000000000000000000002000000010000000000000000000000000010000000000010000000010000000010000010000002002000002000000000000000000000011111110000000000000000000000000000000000000000000000000000000011
110000000010000000000000000000000000010000000000010000000000000000000000000000000010000000010000000000000000000000000000000000000000010000000000000000000000000010000000000010000000010000000010000010000000000000000000000000000000000000011111110000000010000000000000000000000000000000000000000000000011
112002000010002002002002002002002002012002002002002002002002002002000000000000002010000002010000000000000000000000000000000000000000010002002002002002002002002012002002002012002002012002002012002012002000000002000002002002002002002002011111112002002012002002002002002002002002002002002002002002002011
110000002012000000000000000000000000010000000000000000000000000000000000000000000010000000010000000000000000000000000000000000000000010000000000000000000000000010000000000010000000010000000010000010000002002000002000000000000000000000011111110000000010000000000000000000000000000000000000000000000011
110000000010000000000000000000000000010000000000000000000000000000000000000000000010000000010000000000000000000000000000000000000000010000011111111111111110000010000000000010000000010000000011111110000000000000000000000000000000000000011111110000000010000000000000000000000000000000000000000000000011
112002000010002002002002002002002002012002002002002002002002002002000000000000002010000000010000002000002000000002002000000000000000010002002012002012002012002012002002002002002002012002002012002002002000000002000002002002002002002002002002002002002012002002002002002002002002002002002002002002002011
110000002012000000000000000000000000010000000000000000000000000000000000000000000010000000010000000000000000000000000000000000000000010000000010000010000010000010000000000000000000010000000010000000000002002000002000000000000000000000000000000000000010000000000000000000000000000000000000000000000011
110000000011111111111111111111111111110000011111111111111111111111111111111110000011111111111111111111111111111111111111111110000000010000000010000010000010000010000000000000000000010000000010000000000000000000000000000000000000000000000000000000000010000000000000000000000000000000000000000000000011
112002000000002002002002002002002002002002002002002002002002002002000000002000002000000000002000002000000000000000000000000000002000000002002002002002002002002012002002002002002002012002002002002002002000000002000002002002002002002002002002002002002012002002002002002002002002002002002002002002002011
110000002002000000000000000000000000000000000000000000000000000000000000000000000000000000000000000000000000000000000000000000000000000000000000000000000000000010000000000000000000010000000000000000000002002000002000000000000000000000000000000000000010000000000000000000000000000000000000000000000011
110000000000000000000000000000000000000000000000000000000000000000000000000000000000000000000000000000000000000000000000000000000000000000000000000000000000000010000000000000000000010000000000000000000000000000000000000000000000000000000000000000000010000000000000000000000000000000000000000000000011
112002000000002002002002002002002002002002002002002002002002002002000000000002000000000002000000000000002000000000000000000000000000000002002002002002002002002012002002002002002002012002002002002002002000000002000002002002002002002002002002002002002012002002002002002002002002002002002002002002002011
110000002002000000000000000000000000000000000000000000000000000000000000000000000000000000000000000000000000000000000000002000000000000000000000000000000000000010000000000000000000010000000000000000000002002000002000000000000000000000000000000000000010000000000000000000000000000000000000000000000011
111111110000000000000000011111111111111111111111111111111111111111111111110000000000011111111111111111111111111111111111111111111111110000000000000000000000000011111111111111111111111111111111111111111111111111111110000000000000011111111111111111111111111111111111111111111111111111111111111111111111
111111110000002002002002011111111111111111111111111111111111111111111111112002002002011111111111111111111111111111111111111111111111110002002002002002002002002011111111111111111111111111111111111111111111111111111112002002002002011111111111111111111111111111111111111111111111111111111111111111111111
